-991.494541	633.962336	-15.832417
-991.494541	636.324109	78.737800
-991.528226	636.270578	78.739115
-991.561575	636.216837	78.740394
-991.594588	636.162888	78.741636
-991.627264	636.108733	78.742840
-991.659600	636.054374	78.744007
-991.691595	635.999812	78.745137
-991.723249	635.945052	78.746230
-991.754561	635.890093	78.747285
-991.785528	635.834940	78.748303
-991.816149	635.779593	78.749283
-991.846424	635.724055	78.750226
-991.876352	635.668328	78.751132
-991.905930	635.612415	78.752000
-991.935158	635.556318	78.752830
-991.964035	635.500038	78.753623
-991.992560	635.443578	78.754378
-992.020731	635.386941	78.755095
-992.048547	635.330128	78.755775
-992.076008	635.273142	78.756417
-992.103112	635.215984	78.757021
-992.129858	635.158659	78.757588
-992.156245	635.101166	78.758117
-992.182272	635.043510	78.758608
-992.207938	634.985691	78.759061
-992.233242	634.927713	78.759476
-992.258182	634.869578	78.759853
-992.282759	634.811287	78.760193
-992.306971	634.752844	78.760495
-992.330817	634.694250	78.760758
-992.354296	634.635508	78.760984
-992.377407	634.576621	78.761172
-992.400150	634.517590	78.761322
-992.422523	634.458417	78.761434
-992.444525	634.399106	78.761508
-992.466156	634.339659	78.761544
-992.487415	634.280077	78.761542
-992.508301	634.220363	78.761502
-992.528812	634.160520	78.761425
-992.548949	634.100550	78.761309
-992.568711	634.040455	78.761155
-992.588096	633.980238	78.760964
-992.607105	633.919901	78.760734
-992.625735	633.859447	78.760467
-992.643987	633.798877	78.760162
-992.661860	633.738195	78.759818
-992.679352	633.677402	78.759437
-992.696464	633.616501	78.759018
-992.713195	633.555494	78.758562
-992.729544	633.494385	78.758067
-992.745510	633.433174	78.757535
-992.761093	633.371865	78.756964
-992.776292	633.310461	78.756356
-992.791106	633.248962	78.755711
-992.805536	633.187373	78.755027
-992.819580	633.125695	78.754306
-992.833237	633.063931	78.753547
-992.846508	633.002083	78.752751
-992.859392	632.940154	78.751917
-992.871888	632.878145	78.751045
-992.883995	632.816061	78.750136
-992.895714	632.753902	78.749189
-992.907044	632.691672	78.748205
-992.917984	632.629373	78.747184
-992.928534	632.567007	78.746125
-992.938694	632.504577	78.745029
-992.948463	632.442085	78.743895
-992.957840	632.379535	78.742724
-992.966826	632.316927	78.741516
-992.975419	632.254265	78.740271
-992.983621	632.191551	78.738989
-992.991430	632.128788	78.737670
-992.998845	632.065978	78.736313
-993.005868	632.003124	78.734920
-993.012497	631.940228	78.733490
-993.018732	631.877292	78.732023
-993.024573	631.814320	78.730519
-993.030020	631.751313	78.728979
-993.035073	631.688274	78.727401
-993.039730	631.625205	78.725788
-993.043993	631.562110	78.724137
-993.047861	631.498990	78.722451
-993.051334	631.435848	78.720727
-993.054411	631.372687	78.718968
-993.057093	631.309509	78.717172
-993.059379	631.246316	78.715340
-993.061269	631.183111	78.713472
-993.062764	631.119896	78.711568
-993.063863	631.056675	78.709628
-993.064567	630.993449	78.707652
-993.064874	630.930221	78.705640
-993.064785	630.866993	78.703592
-993.064301	630.803769	78.701509
-993.063421	630.740550	78.699390
-993.062145	630.677339	78.697236
-993.060473	630.614138	78.695046
-993.058406	630.550950	78.692821
-993.055943	630.487778	78.690561
-993.053084	630.424623	78.688265
-993.049830	630.361489	78.685935
-993.046181	630.298378	78.683569
-993.042136	630.235293	78.681169
-993.037697	630.172235	78.678734
-993.032863	630.109207	78.676264
-993.027634	630.046213	78.673760
-993.022011	629.983254	78.671221
-993.015994	629.920333	78.668648
-993.009582	629.857452	78.666040
-993.002777	629.794613	78.663399
-992.995579	629.731821	78.660723
-992.987987	629.669075	78.658013
-992.980003	629.606381	78.655270
-992.971626	629.543738	78.652492
-992.962857	629.481152	78.649681
-992.953696	629.418622	78.646837
-992.944144	629.356153	78.643959
-992.934201	629.293747	78.641048
-992.923866	629.231405	78.638103
-992.913142	629.169131	78.635126
-992.902028	629.106927	78.632115
-992.890524	629.044796	78.629072
-992.878631	628.982739	78.625996
-992.866350	628.920760	78.622887
-992.853680	628.858861	78.619746
-992.840624	628.797043	78.616573
-992.827180	628.735311	78.613367
-992.813349	628.673665	78.610129
-992.799133	628.612109	78.606860
-992.784531	628.550646	78.603558
-992.769545	628.489276	78.600225
-992.754174	628.428003	78.596860
-992.738420	628.366830	78.593464
-992.722283	628.305758	78.590036
-992.705763	628.244791	78.586577
-992.688862	628.183929	78.583087
-992.671579	628.123177	78.579567
-992.653917	628.062536	78.576015
-992.635875	628.002009	78.572433
-992.617453	627.941597	78.568820
-992.598654	627.881304	78.565178
-992.579477	627.821132	78.561504
-992.559923	627.761083	78.557801
-992.539994	627.701160	78.554068
-992.519689	627.641365	78.550305
-992.499010	627.581700	78.546513
-992.477958	627.522167	78.542691
-992.456532	627.462770	78.538840
-992.434735	627.403510	78.534959
-992.412567	627.344390	78.531050
-992.390029	627.285411	78.527112
-992.367121	627.226577	78.523145
-992.343846	627.167890	78.519149
-992.320203	627.109352	78.515125
-992.296193	627.050965	78.511073
-992.271818	626.992732	78.506993
-992.247078	626.934654	78.502885
-992.221975	626.876735	78.498749
-992.196509	626.818976	78.494586
-992.170681	626.761380	78.490395
-992.144493	626.703949	78.486177
-992.117946	626.646685	78.481932
-992.091040	626.589591	78.477660
-992.063776	626.532669	78.473362
-992.036156	626.475921	78.469036
-992.008181	626.419349	78.464685
-991.979852	626.362956	78.460307
-991.951170	626.306743	78.455903
-991.922136	626.250714	78.451473
-991.892751	626.194869	78.447017
-991.863016	626.139212	78.442536
-991.832933	626.083745	78.438030
-991.802503	626.028469	78.433498
-991.771727	625.973388	78.428942
-991.740606	625.918502	78.424360
-991.709141	625.863815	78.419754
-991.677334	625.809328	78.415124
-991.645186	625.755044	78.410469
-991.612699	625.700965	78.405790
-991.579872	625.647093	78.401087
-991.546708	625.593429	78.396361
-991.513209	625.539977	78.391611
-991.479375	625.486738	78.386837
-991.445207	625.433715	78.382041
-991.410708	625.380909	78.377221
-991.375878	625.328322	78.372379
-991.340719	625.275957	78.367514
-991.305232	625.223816	78.362627
-991.269418	625.171900	78.357717
-991.233280	625.120212	78.352786
-991.196818	625.068755	78.347833
-991.160034	625.017529	78.342858
-991.122930	624.966536	78.337862
-991.085506	624.915780	78.332844
-991.047764	624.865262	78.327805
-991.009706	624.814983	78.322746
-990.971334	624.764947	78.317666
-990.932648	624.715154	78.312566
-990.893650	624.665607	78.307445
-990.854343	624.616308	78.302304
-990.814727	624.567259	78.297144
-990.774803	624.518461	78.291964
-990.734575	624.469917	78.286764
-990.694042	624.421628	78.281546
-990.653207	624.373597	78.276308
-990.612072	624.325825	78.271051
-990.570637	624.278314	78.265776
-990.528905	624.231066	78.260483
-990.486877	624.184084	78.255171
-990.444555	624.137368	78.249842
-990.401941	624.090920	78.244494
-990.359036	624.044744	78.239129
-990.315842	623.998839	78.233747
-990.272361	623.953208	78.228348
-990.228594	623.907854	78.222932
-990.184543	623.862777	78.217499
-990.140210	623.817980	78.212050
-990.095596	623.773464	78.206584
-990.050704	623.729230	78.201102
-990.005535	623.685282	78.195605
-989.960091	623.641620	78.190092
-989.914374	623.598246	78.184563
-989.868385	623.555162	78.179020
-989.822127	623.512370	78.173461
-989.775600	623.469871	78.167888
-989.728808	623.427667	78.162300
-989.681751	623.385760	78.156698
-989.634432	623.344151	78.151082
-989.586853	623.302842	78.145452
-989.539015	623.261835	78.139808
-989.490921	623.221131	78.134151
-989.442571	623.180731	78.128481
-989.393969	623.140638	78.122797
-989.345116	623.100853	78.117101
-989.296014	623.061378	78.111393
-989.246665	623.022213	78.105672
-989.197070	622.983362	78.099940
-989.147233	622.944824	78.094195
-989.097154	622.906602	78.088439
-989.046836	622.868698	78.082671
-988.996281	622.831112	78.076892
-988.945491	622.793846	78.071103
-988.894467	622.756902	78.065302
-988.843212	622.720281	78.059492
-988.791728	622.683985	78.053671
-988.740017	622.648015	78.047840
-988.688080	622.612372	78.041999
-988.635921	622.577058	78.036148
-988.583540	622.542074	78.030289
-988.530941	622.507422	78.024420
-988.478124	622.473102	78.018543
-988.425093	622.439118	78.012656
-988.371849	622.405468	78.006762
-988.318395	622.372156	78.000859
-988.264732	622.339182	77.994948
-988.210863	622.306548	77.989030
-988.156789	622.274255	77.983104
-988.102514	622.242304	77.977171
-988.048038	622.210696	77.971231
-987.993365	622.179433	77.965285
-987.938496	622.148516	77.959331
-987.883433	622.117946	77.953372
-987.828179	622.087724	77.947406
-987.772736	622.057852	77.941435
-987.717106	622.028331	77.935458
-987.661292	621.999161	77.929476
-987.605294	621.970345	77.923488
-987.549117	621.941883	77.917496
-987.492761	621.913776	77.911499
-987.436230	621.886026	77.905498
-987.379524	621.858633	77.899493
-987.322648	621.831598	77.893483
-987.265602	621.804924	77.887470
-987.208389	621.778610	77.881454
-987.151012	621.752657	77.875434
-987.093472	621.727068	77.869412
-987.035772	621.701842	77.863386
-986.977914	621.676981	77.857358
-986.919901	621.652486	77.851328
-986.861734	621.628358	77.845296
-986.803417	621.604597	77.839262
-986.744950	621.581205	77.833227
-986.686338	621.558182	77.827190
-986.627581	621.535530	77.821152
-986.568683	621.513250	77.815114
-986.509645	621.491341	77.809075
-986.450470	621.469806	77.803035
-986.391160	621.448644	77.796996
-986.331718	621.427858	77.790956
-986.272146	621.407446	77.784917
-986.212446	621.387412	77.778878
-986.152621	621.367754	77.772841
-986.092673	621.348475	77.766804
-986.032604	621.329574	77.760769
-985.972417	621.311053	77.754735
-985.912114	621.292912	77.748703
-985.851698	621.275151	77.742673
-985.791170	621.257773	77.736646
-985.730534	621.240777	77.730621
-985.669792	621.224163	77.724598
-985.608945	621.207934	77.718579
-985.547997	621.192088	77.712563
-985.486950	621.176628	77.706550
-985.425807	621.161553	77.700541
-985.364569	621.146864	77.694536
-985.303239	621.132562	77.688535
-985.241819	621.118647	77.682539
-985.180313	621.105120	77.676547
-985.118722	621.091982	77.670560
-985.057049	621.079232	77.664579
-984.995296	621.066871	77.658602
-984.933466	621.054901	77.652631
-984.871560	621.043320	77.646666
-984.809583	621.032131	77.640707
-984.747536	621.021333	77.634755
-984.685421	621.010926	77.628809
-984.623241	621.000911	77.622869
-984.560998	620.991289	77.616937
-984.498695	620.982060	77.611012
-984.436335	620.973224	77.605094
-984.373919	620.964781	77.599185
-984.311451	620.956733	77.593283
-984.248932	620.949078	77.587389
-984.186365	620.941818	77.581504
-984.123753	620.934953	77.575627
-984.061099	620.928483	77.569759
-983.998403	620.922408	77.563900
-983.935670	620.916729	77.558051
-983.872902	620.911445	77.552211
-983.810100	620.906558	77.546381
-983.747268	620.902066	77.540561
-983.684408	620.897971	77.534751
-983.621522	620.894273	77.528952
-983.558613	620.890971	77.523163
-983.495684	620.888066	77.517385
-983.432736	620.885558	77.511619
-983.369773	620.883447	77.505864
-983.306797	620.881733	77.500120
-983.243811	620.880416	77.494389
-983.180816	620.879497	77.488669
-983.117815	620.878974	77.482962
-983.054811	620.878849	77.477267
-982.991807	620.879121	77.471585
-982.928804	620.879791	77.465916
-982.865806	620.880857	77.460261
-982.802814	620.882321	77.454618
-982.739832	620.884182	77.448990
-982.676861	620.886440	77.443375
-982.613905	620.889095	77.437774
-982.550965	620.892147	77.432188
-982.488045	620.895596	77.426616
-982.425146	620.899441	77.421059
-982.362271	620.903683	77.415516
-982.299423	620.908321	77.409990
-982.236605	620.913355	77.404478
-982.173818	620.918785	77.398982
-982.111064	620.924611	77.393502
-982.048348	620.930832	77.388038
-981.985670	620.937449	77.382590
-981.923034	620.944460	77.377159
-981.860443	620.951866	77.371744
-981.797897	620.959666	77.366347
-981.735400	620.967861	77.360966
-981.672955	620.976449	77.355603
-981.610564	620.985431	77.350257
-981.548229	620.994806	77.344930
-981.485953	621.004573	77.339620
-981.423738	621.014733	77.334328
-981.361587	621.025285	77.329055
-981.299502	621.036228	77.323800
-981.237485	621.047562	77.318564
-981.175540	621.059287	77.313347
-981.113668	621.071402	77.308150
-981.051872	621.083907	77.302971
-980.990154	621.096801	77.297813
-980.928518	621.110083	77.292674
-980.866964	621.123754	77.287556
-980.805496	621.137812	77.282457
-980.744117	621.152257	77.277379
-980.682827	621.167089	77.272322
-980.621631	621.182307	77.267285
-980.560530	621.197910	77.262270
-980.499527	621.213898	77.257276
-980.438625	621.230269	77.252303
-980.377824	621.247024	77.247352
-980.317129	621.264162	77.242422
-980.256541	621.281682	77.237515
-980.196063	621.299584	77.232630
-980.135697	621.317866	77.227767
-980.075446	621.336527	77.222927
-980.015311	621.355569	77.218110
-979.955296	621.374988	77.213316
-979.895403	621.394785	77.208545
-979.835633	621.414959	77.203797
-979.775990	621.435510	77.199073
-979.716476	621.456435	77.194372
-979.657093	621.477735	77.189696
-979.597843	621.499409	77.185043
-979.538729	621.521455	77.180415
-979.479753	621.543874	77.175811
-979.420918	621.566663	77.171232
-979.362225	621.589822	77.166678
-979.303678	621.613351	77.162149
-979.245278	621.637248	77.157645
-979.187027	621.661512	77.153166
-979.128929	621.686143	77.148713
-979.070985	621.711139	77.144286
-979.013197	621.736500	77.139885
-978.955569	621.762223	77.135509
-978.898101	621.788310	77.131160
-978.840797	621.814757	77.126837
-978.783659	621.841565	77.122541
-978.726688	621.868733	77.118272
-978.669888	621.896258	77.114029
-978.613260	621.924141	77.109814
-978.556807	621.952379	77.105626
-978.500531	621.980973	77.101465
-978.444434	622.009920	77.097332
-978.388518	622.039220	77.093227
-978.332785	622.068871	77.089150
-978.277239	622.098872	77.085100
-978.221880	622.129223	77.081079
-978.166711	622.159922	77.077086
-978.111735	622.190967	77.073122
-978.056953	622.222358	77.069187
-978.002368	622.254093	77.065280
-977.947981	622.286171	77.061403
-977.893796	622.318591	77.057554
-977.839813	622.351351	77.053735
-977.786036	622.384450	77.049946
-977.732466	622.417887	77.046186
-977.679106	622.451661	77.042456
-977.625957	622.485770	77.038755
-977.573021	622.520212	77.035085
-977.520302	622.554987	77.031445
-977.467800	622.590093	77.027835
-977.415518	622.625529	77.024256
-977.363458	622.661294	77.020708
-977.311622	622.697385	77.017190
-977.260012	622.733801	77.013703
-977.208630	622.770542	77.010248
-977.157478	622.807605	77.006823
-977.106558	622.844990	77.003430
-977.055873	622.882694	77.000068
-977.005423	622.920716	76.996738
-976.955212	622.959055	76.993439
-976.905241	622.997709	76.990173
-976.855512	623.036677	76.986938
-976.806027	623.075956	76.983735
-976.756788	623.115547	76.980565
-976.707797	623.155446	76.977427
-976.659056	623.195653	76.974322
-976.610566	623.236165	76.971249
-976.562331	623.276982	76.968209
-976.514351	623.318101	76.965202
-976.466628	623.359521	76.962227
-976.419165	623.401241	76.959286
-976.371963	623.443258	76.956378
-976.325025	623.485571	76.953503
-976.278351	623.528179	76.950662
-976.231944	623.571079	76.947855
-976.185806	623.614271	76.945080
-976.139938	623.657751	76.942340
-976.094343	623.701520	76.939634
-976.049021	623.745574	76.936961
-976.003976	623.789912	76.934323
-975.959208	623.834532	76.931719
-975.914720	623.879433	76.929149
-975.870513	623.924613	76.926613
-975.826589	623.970070	76.924112
-975.782949	624.015802	76.921646
-975.739596	624.061808	76.919214
-975.696531	624.108085	76.916817
-975.653756	624.154632	76.914455
-975.611272	624.201447	76.912128
-975.569081	624.248528	76.909836
-975.527186	624.295873	76.907579
-975.485586	624.343481	76.905358
-975.444285	624.391349	76.903171
-975.403284	624.439476	76.901021
-975.362584	624.487859	76.898905
-975.322187	624.536498	76.896825
-975.282095	624.585389	76.894781
-975.242309	624.634531	76.892773
-975.202830	624.683922	76.890800
-975.163661	624.733560	76.888864
-975.124803	624.783443	76.886963
-975.086257	624.833570	76.885099
-975.048025	624.883937	76.883270
-975.010108	624.934544	76.881478
-974.972508	624.985388	76.879722
-974.935227	625.036467	76.878002
-974.898265	625.087779	76.876319
-974.861625	625.139322	76.874672
-974.825308	625.191094	76.873062
-974.789314	625.243094	76.871488
-974.753647	625.295318	76.869952
-974.718306	625.347765	76.868451
-974.683294	625.400433	76.866988
-974.648612	625.453320	76.865561
-974.614261	625.506424	76.864172
-974.580242	625.559742	76.862819
-974.546557	625.613273	76.861503
-974.513208	625.667014	76.860225
-974.480195	625.720963	76.858983
-974.447519	625.775118	76.857779
-974.415183	625.829477	76.856612
-974.383187	625.884039	76.855482
-974.351533	625.938799	76.854389
-974.320222	625.993758	76.853334
-974.289255	626.048911	76.852316
-974.258634	626.104258	76.851335
-974.228358	626.159796	76.850393
-974.198431	626.215523	76.849487
-974.168853	626.271436	76.848619
-974.139625	626.327533	76.847789
-974.110748	626.383813	76.846996
-974.082223	626.440273	76.846241
-974.054052	626.496910	76.845523
-974.026235	626.553723	76.844844
-973.998775	626.610709	76.844202
-973.971671	626.667867	76.843597
-973.944925	626.725192	76.843031
-973.918538	626.782685	76.842502
-973.892511	626.840341	76.842011
-973.866845	626.898160	76.841558
-973.841541	626.956138	76.841143
-973.816600	627.014273	76.840765
-973.792023	627.072564	76.840426
-973.767812	627.131007	76.840124
-973.743966	627.189601	76.839860
-973.720487	627.248343	76.839635
-973.697375	627.307230	76.839447
-973.674633	627.366261	76.839297
-973.652260	627.425434	76.839185
-973.630258	627.484745	76.839111
-973.608627	627.544192	76.839075
-973.587368	627.603774	76.839077
-973.566482	627.663488	76.839116
-973.545971	627.723331	76.839194
-973.525833	627.783301	76.839310
-973.506072	627.843396	76.839463
-973.486687	627.903613	76.839655
-973.467678	627.963950	76.839884
-973.449048	628.024404	76.840152
-973.430796	628.084974	76.840457
-973.412923	628.145656	76.840800
-973.395431	628.206449	76.841181
-973.378318	628.267350	76.841600
-973.361588	628.328357	76.842057
-973.345239	628.389466	76.842552
-973.329273	628.450677	76.843084
-973.313690	628.511986	76.843654
-973.298491	628.573390	76.844262
-973.283676	628.634889	76.844908
-973.269247	628.696478	76.845592
-973.255203	628.758156	76.846313
-973.241546	628.819920	76.847071
-973.228275	628.881768	76.847868
-973.215391	628.943697	76.848702
-973.202895	629.005706	76.849574
-973.190787	629.067790	76.850483
-973.179068	629.129949	76.851429
-973.167739	629.192179	76.852413
-973.156799	629.254478	76.853435
-973.146249	629.316844	76.854494
-973.136089	629.379274	76.855590
-973.126320	629.441766	76.856724
-973.116943	629.504316	76.857894
-973.107957	629.566924	76.859102
-973.099363	629.629586	76.860347
-973.091162	629.692300	76.861630
-973.083353	629.755063	76.862949
-973.075937	629.817873	76.864305
-973.068915	629.880727	76.865699
-973.062286	629.943623	76.867129
-973.056051	630.006559	76.868596
-973.050209	630.069531	76.870100
-973.044763	630.132538	76.871640
-973.039710	630.195577	76.873217
-973.035052	630.258646	76.874831
-973.030790	630.321741	76.876481
-973.026922	630.384861	76.878168
-973.023449	630.448003	76.879891
-973.020372	630.511164	76.881651
-973.017690	630.574342	76.883447
-973.015404	630.637535	76.885279
-973.013513	630.700740	76.887147
-973.012019	630.763955	76.889051
-973.010920	630.827176	76.890991
-973.010216	630.890402	76.892967
-973.009909	630.953630	76.894979
-973.009997	631.016858	76.897026
-973.010482	631.080082	76.899110
-973.011362	631.143301	76.901228
-973.012638	631.206512	76.903383
-973.014310	631.269713	76.905573
-973.016377	631.332901	76.907798
-973.018840	631.396073	76.910058
-973.021699	631.459228	76.912353
-973.024953	631.522362	76.914684
-973.028602	631.585473	76.917049
-973.032646	631.648558	76.919450
-973.037086	631.711616	76.921885
-973.041920	631.774644	76.924354
-973.047149	631.837638	76.926859
-973.052772	631.900597	76.929398
-973.058789	631.963518	76.931971
-973.065201	632.026399	76.934578
-973.072005	632.089238	76.937220
-973.079204	632.152030	76.939896
-973.086795	632.214776	76.942605
-973.094780	632.277470	76.945349
-973.103157	632.340113	76.948126
-973.111926	632.402699	76.950937
-973.121086	632.465229	76.953782
-973.130639	632.527698	76.956660
-973.140582	632.590104	76.959571
-973.150916	632.652446	76.962515
-973.161641	632.714720	76.965493
-973.172755	632.776924	76.968503
-973.184259	632.839055	76.971547
-973.196152	632.901112	76.974623
-973.208433	632.963091	76.977731
-973.221102	633.024990	76.980872
-973.234159	633.086808	76.984046
-973.247603	633.148540	76.987252
-973.261434	633.210186	76.990489
-973.275650	633.271742	76.993759
-973.290251	633.333205	76.997061
-973.305238	633.394575	77.000394
-973.320609	633.455848	77.003759
-973.336363	633.517021	77.007155
-973.352500	633.578093	77.010583
-973.369020	633.639060	77.014041
-973.385921	633.699922	77.017531
-973.403203	633.760674	77.021052
-973.420866	633.821315	77.024603
-973.438908	633.881842	77.028186
-973.457330	633.942254	77.031798
-973.476129	634.002547	77.035441
-973.495306	634.062719	77.039114
-973.514859	634.122768	77.042817
-973.534789	634.182691	77.046551
-973.555094	634.242486	77.050313
-973.575773	634.302151	77.054106
-973.596825	634.361684	77.057928
-973.618250	634.421081	77.061779
-973.640048	634.480341	77.065659
-973.662216	634.539461	77.069569
-973.684754	634.598440	77.073507
-973.707661	634.657274	77.077474
-973.730937	634.715961	77.081469
-973.754580	634.774499	77.085493
-973.778590	634.832886	77.089545
-973.802965	634.891119	77.093625
-973.827705	634.949197	77.097733
-973.852808	635.007116	77.101869
-973.878274	635.064875	77.106033
-973.904101	635.122471	77.110223
-973.930289	635.179902	77.114441
-973.956837	635.237166	77.118686
-973.983743	635.294260	77.122958
-974.011007	635.351182	77.127257
-974.038626	635.407930	77.131582
-974.066601	635.464502	77.135934
-974.094931	635.520895	77.140312
-974.123613	635.577108	77.144716
-974.152647	635.633137	77.149146
-974.182032	635.688982	77.153601
-974.211767	635.744639	77.158082
-974.241849	635.800106	77.162589
-974.272280	635.855382	77.167120
-974.303056	635.910463	77.171677
-974.334177	635.965349	77.176258
-974.365641	636.020036	77.180865
-974.397448	636.074523	77.185495
-974.429596	636.128807	77.190150
-974.462084	636.182886	77.194829
-974.494911	636.236758	77.199531
-974.528074	636.290422	77.204258
-974.561574	636.343874	77.209008
-974.595408	636.397113	77.213781
-974.629576	636.450136	77.218578
-974.664075	636.502942	77.223397
-974.698905	636.555529	77.228240
-974.734064	636.607894	77.233105
-974.769551	636.660035	77.237992
-974.805364	636.711951	77.242901
-974.841503	636.763639	77.247833
-974.877965	636.815096	77.252786
-974.914749	636.866323	77.257761
-974.951853	636.917315	77.262757
-974.989277	636.968071	77.267775
-975.027019	637.018589	77.272813
-975.065077	637.068868	77.277873
-975.103449	637.118904	77.282953
-975.142135	637.168697	77.288053
-975.181132	637.218244	77.293174
-975.220440	637.267543	77.298314
-975.260056	637.316593	77.303475
-975.299980	637.365390	77.308655
-975.340208	637.413934	77.313854
-975.380741	637.462223	77.319073
-975.421576	637.510254	77.324311
-975.462711	637.558026	77.329567
-975.504146	637.605537	77.334842
-975.545878	637.652785	77.340136
-975.587906	637.699767	77.345447
-975.630227	637.746483	77.350777
-975.672842	637.792931	77.356124
-975.715747	637.839108	77.361489
-975.758941	637.885012	77.366871
-975.802422	637.930643	77.372271
-975.846189	637.975997	77.377687
-975.890240	638.021074	77.383120
-975.934573	638.065871	77.388569
-975.979186	638.110388	77.394035
-976.024078	638.154621	77.399516
-976.069247	638.198569	77.405014
-976.114691	638.242231	77.410527
-976.160409	638.285605	77.416055
-976.206398	638.328689	77.421599
-976.252656	638.371481	77.427158
-976.299183	638.413980	77.432731
-976.345975	638.456184	77.438319
-976.393031	638.498091	77.443921
-976.440350	638.539700	77.449537
-976.487930	638.581009	77.455167
-976.535768	638.622016	77.460811
-976.583862	638.662720	77.466468
-976.632211	638.703120	77.472138
-976.680814	638.743213	77.477821
-976.729667	638.782998	77.483517
-976.778769	638.822473	77.489226
-976.828118	638.861638	77.494946
-976.877712	638.900489	77.500679
-976.927550	638.939027	77.506424
-976.977629	638.977249	77.512180
-977.027947	639.015153	77.517947
-977.078502	639.052739	77.523726
-977.129292	639.090005	77.529516
-977.180316	639.126949	77.535316
-977.231571	639.163570	77.541127
-977.283055	639.199866	77.546948
-977.334766	639.235837	77.552779
-977.386703	639.271479	77.558620
-977.438862	639.306793	77.564470
-977.491243	639.341777	77.570330
-977.543842	639.376429	77.576199
-977.596658	639.410749	77.582076
-977.649690	639.444733	77.587962
-977.702933	639.478383	77.593857
-977.756388	639.511695	77.599760
-977.810051	639.544669	77.605670
-977.863920	639.577303	77.611589
-977.917994	639.609596	77.617514
-977.972269	639.641547	77.623447
-978.026745	639.673155	77.629387
-978.081418	639.704418	77.635334
-978.136287	639.735335	77.641287
-978.191350	639.765905	77.647247
-978.246604	639.796127	77.653212
-978.302047	639.825999	77.659184
-978.357677	639.855520	77.665161
-978.413491	639.884690	77.671143
-978.469488	639.913506	77.677130
-978.525666	639.941968	77.683123
-978.582022	639.970075	77.689119
-978.638553	639.997825	77.695121
-978.695258	640.025218	77.701126
-978.752135	640.052253	77.707135
-978.809181	640.078927	77.713148
-978.866394	640.105241	77.719165
-978.923771	640.131194	77.725185
-978.981311	640.156783	77.731207
-979.039011	640.182009	77.737232
-979.096869	640.206870	77.743260
-979.154882	640.231365	77.749290
-979.213049	640.255493	77.755322
-979.271366	640.279254	77.761356
-979.329832	640.302646	77.767392
-979.388445	640.325669	77.773428
-979.447202	640.348321	77.779466
-979.506100	640.370601	77.785505
-979.565138	640.392510	77.791544
-979.624313	640.414045	77.797584
-979.683623	640.435207	77.803623
-979.743065	640.455993	77.809663
-979.802637	640.476405	77.815702
-979.862337	640.496439	77.821740
-979.922162	640.516097	77.827778
-979.982110	640.535376	77.833815
-980.042179	640.554277	77.839850
-980.102366	640.572798	77.845884
-980.162669	640.590939	77.851915
-980.223085	640.608700	77.857945
-980.283612	640.626078	77.863973
-980.344249	640.643074	77.869998
-980.404991	640.659688	77.876020
-980.465837	640.675917	77.882040
-980.526785	640.691763	77.888056
-980.587832	640.707223	77.894068
-980.648976	640.722298	77.900077
-980.710214	640.736987	77.906082
-980.771544	640.751289	77.912083
-980.832964	640.765204	77.918080
-980.894470	640.778731	77.924071
-980.956061	640.791869	77.930058
-981.017734	640.804619	77.936040
-981.079487	640.816980	77.942016
-981.141317	640.828950	77.947987
-981.203222	640.840531	77.953952
-981.265200	640.851720	77.959911
-981.327247	640.862518	77.965864
-981.389362	640.872925	77.971810
-981.451542	640.882940	77.977749
-981.513785	640.892562	77.983682
-981.576088	640.901791	77.989607
-981.638448	640.910627	77.995524
-981.700864	640.919070	78.001434
-981.763332	640.927118	78.007336
-981.825851	640.934773	78.013230
-981.888417	640.942033	78.019115
-981.951029	640.948898	78.024992
-982.013684	640.955368	78.030860
-982.076379	640.961443	78.036718
-982.139113	640.967122	78.042568
-982.201881	640.972406	78.048408
-982.264683	640.977293	78.054238
-982.327515	640.981785	78.060058
-982.390375	640.985880	78.065868
-982.453261	640.989578	78.071667
-982.516170	640.992880	78.077456
-982.579099	640.995785	78.083233
-982.642046	640.998293	78.089000
-982.705009	641.000404	78.094755
-982.767986	641.002118	78.100498
-982.830972	641.003435	78.106230
-982.893967	641.004354	78.111949
-982.956968	641.004877	78.117657
-983.019972	641.005002	78.123351
-983.082976	641.004730	78.129033
-983.145979	641.004060	78.134702
-983.208977	641.002994	78.140358
-983.271969	641.001530	78.146000
-983.334951	640.999669	78.151629
-983.397922	640.997411	78.157244
-983.460878	640.994756	78.162845
-983.523818	640.991704	78.168431
-983.586738	640.988255	78.174003
-983.649637	640.984410	78.179560
-983.712511	640.980168	78.185102
-983.775359	640.975530	78.190629
-983.838178	640.970496	78.196141
-983.900965	640.965066	78.201637
-983.963718	640.959240	78.207117
-984.026435	640.953019	78.212581
-984.089112	640.946402	78.218029
-984.151748	640.939391	78.223460
-984.214340	640.931985	78.228874
-984.276886	640.924185	78.234272
-984.339382	640.915990	78.239653
-984.401828	640.907402	78.245016
-984.464219	640.898420	78.250361
-984.526554	640.889045	78.255689
-984.588830	640.879278	78.260999
-984.651045	640.869118	78.266291
-984.713196	640.858566	78.271564
-984.775281	640.847623	78.276819
-984.837298	640.836289	78.282055
-984.899243	640.824564	78.287271
-984.961115	640.812449	78.292469
-985.022911	640.799944	78.297647
-985.084628	640.787050	78.302806
-985.146265	640.773768	78.307944
-985.207819	640.760097	78.313063
-985.269286	640.746039	78.318162
-985.330666	640.731594	78.323240
-985.391955	640.716762	78.328297
-985.453152	640.701544	78.333333
-985.514252	640.685941	78.338349
-985.575255	640.669953	78.343343
-985.636158	640.653582	78.348316
-985.696959	640.636827	78.353267
-985.757654	640.619689	78.358196
-985.818242	640.602169	78.363104
-985.878720	640.584267	78.367989
-985.939086	640.565986	78.372851
-985.999337	640.547324	78.377691
-986.059472	640.528283	78.382509
-986.119487	640.508863	78.387303
-986.179380	640.489066	78.392074
-986.239150	640.468892	78.396822
-986.298793	640.448341	78.401546
-986.358307	640.427416	78.406247
-986.417690	640.406116	78.410923
-986.476940	640.384442	78.415576
-986.536054	640.362396	78.420204
-986.595029	640.339977	78.424807
-986.653865	640.317188	78.429386
-986.712557	640.294029	78.433941
-986.771105	640.270500	78.438470
-986.829505	640.246603	78.442974
-986.887755	640.222339	78.447452
-986.945854	640.197708	78.451905
-987.003798	640.172712	78.456333
-987.061585	640.147351	78.460734
-987.119214	640.121628	78.465109
-987.176681	640.095541	78.469459
-987.233986	640.069094	78.473781
-987.291124	640.042286	78.478077
-987.348094	640.015118	78.482347
-987.404895	639.987593	78.486589
-987.461523	639.959710	78.490805
-987.517976	639.931472	78.494993
-987.574252	639.902878	78.499153
-987.630349	639.873931	78.503286
-987.686265	639.844631	78.507392
-987.741998	639.814980	78.511469
-987.797544	639.784979	78.515518
-987.852903	639.754628	78.519539
-987.908071	639.723929	78.523532
-987.963048	639.692884	78.527496
-988.017830	639.661493	78.531432
-988.072415	639.629758	78.535338
-988.126801	639.597680	78.539216
-988.180987	639.565260	78.543064
-988.234969	639.532500	78.546883
-988.288747	639.499401	78.550673
-988.342317	639.465964	78.554433
-988.395677	639.432190	78.558163
-988.448826	639.398082	78.561863
-988.501762	639.363639	78.565534
-988.554481	639.328864	78.569174
-988.606983	639.293758	78.572783
-988.659265	639.258322	78.576362
-988.711325	639.222557	78.579911
-988.763161	639.186466	78.583429
-988.814771	639.150050	78.586915
-988.866153	639.113309	78.590371
-988.917305	639.076246	78.593796
-988.968224	639.038861	78.597189
-989.018910	639.001157	78.600551
-989.069359	638.963135	78.603881
-989.119571	638.924796	78.607179
-989.169542	638.886142	78.610446
-989.219271	638.847174	78.613681
-989.268756	638.807895	78.616883
-989.317995	638.768304	78.620053
-989.366986	638.728405	78.623191
-989.415727	638.688198	78.626297
-989.464216	638.647686	78.629370
-989.512452	638.606869	78.632410
-989.560432	638.565750	78.635417
-989.608155	638.524330	78.638391
-989.655618	638.482610	78.641333
-989.702820	638.440593	78.644240
-989.749758	638.398280	78.647115
-989.796432	638.355672	78.649956
-989.842839	638.312772	78.652764
-989.888977	638.269580	78.655538
-989.934845	638.226100	78.658278
-989.980440	638.182331	78.660985
-990.025761	638.138277	78.663657
-990.070807	638.093939	78.666296
-990.115575	638.049319	78.668900
-990.160063	638.004418	78.671470
-990.204270	637.959238	78.674005
-990.248194	637.913781	78.676506
-990.291834	637.868049	78.678973
-990.335187	637.822043	78.681404
-990.378252	637.775766	78.683801
-990.421027	637.729219	78.686163
-990.463511	637.682404	78.688490
-990.505701	637.635323	78.690782
-990.547597	637.587978	78.693039
-990.589196	637.540370	78.695261
-990.630497	637.492502	78.697447
-990.671499	637.444375	78.699598
-990.712199	637.395992	78.701713
-990.752596	637.347353	78.703793
-990.792688	637.298462	78.705837
-990.832474	637.249320	78.707846
-990.871953	637.199929	78.709818
-990.911122	637.150291	78.711755
-990.949980	637.100408	78.713655
-990.988526	637.050281	78.715520
-991.026758	636.999914	78.717349
-991.064675	636.949307	78.719141
-991.102275	636.898463	78.720897
-991.139556	636.847384	78.722616
-991.176518	636.796072	78.724300
-991.213158	636.744529	78.725946
-991.249475	636.692757	78.727557
-991.285468	636.640757	78.729130
-991.321136	636.588533	78.730667
-991.356477	636.536086	78.732167
-991.391489	636.483418	78.733631
-991.426171	636.430531	78.735057
-991.460522	636.377427	78.736447
-991.693806	631.595659	-23.774701
-991.693806	635.154088	70.758053
-991.735104	635.099199	70.760094
-991.776058	635.044052	70.762095
-991.816667	634.988649	70.764055
-991.856929	634.932992	70.765976
-991.896842	634.877083	70.767855
-991.936406	634.820924	70.769695
-991.975618	634.764519	70.771493
-992.014477	634.707868	70.773251
-992.052981	634.650974	70.774968
-992.091129	634.593839	70.776645
-992.128919	634.536467	70.778280
-992.166350	634.478858	70.779875
-992.203421	634.421015	70.781428
-992.240129	634.362941	70.782941
-992.276474	634.304637	70.784412
-992.312454	634.246106	70.785842
-992.348067	634.187351	70.787231
-992.383313	634.128373	70.788579
-992.418189	634.069176	70.789885
-992.452695	634.009761	70.791150
-992.486829	633.950130	70.792373
-992.520590	633.890286	70.793555
-992.553976	633.830232	70.794695
-992.586986	633.769970	70.795794
-992.619618	633.709501	70.796851
-992.651873	633.648830	70.797867
-992.683747	633.587957	70.798840
-992.715240	633.526885	70.799772
-992.746351	633.465618	70.800662
-992.777079	633.404156	70.801511
-992.807421	633.342503	70.802317
-992.837378	633.280661	70.803082
-992.866947	633.218632	70.803804
-992.896129	633.156420	70.804485
-992.924921	633.094025	70.805124
-992.953322	633.031452	70.805720
-992.981331	632.968702	70.806275
-993.008948	632.905777	70.806787
-993.036171	632.842681	70.807258
-993.062998	632.779416	70.807686
-993.089430	632.715983	70.808073
-993.115465	632.652387	70.808417
-993.141101	632.588629	70.808719
-993.166339	632.524711	70.808979
-993.191176	632.460637	70.809196
-993.215612	632.396409	70.809372
-993.239646	632.332029	70.809505
-993.263277	632.267500	70.809597
-993.286504	632.202825	70.809646
-993.309327	632.138005	70.809652
-993.331743	632.073044	70.809617
-993.353753	632.007944	70.809539
-993.375355	631.942708	70.809420
-993.396549	631.877338	70.809258
-993.417334	631.811837	70.809054
-993.437708	631.746208	70.808808
-993.457672	631.680452	70.808519
-993.477225	631.614573	70.808189
-993.496364	631.548574	70.807816
-993.515091	631.482456	70.807401
-993.533404	631.416223	70.806944
-993.551302	631.349876	70.806445
-993.568785	631.283420	70.805904
-993.585851	631.216855	70.805321
-993.602502	631.150186	70.804696
-993.618734	631.083414	70.804029
-993.634549	631.016542	70.803320
-993.649945	630.949574	70.802569
-993.664922	630.882510	70.801776
-993.679479	630.815355	70.800942
-993.693616	630.748111	70.800065
-993.707332	630.680780	70.799147
-993.720626	630.613365	70.798186
-993.733499	630.545869	70.797185
-993.745948	630.478294	70.796141
-993.757975	630.410643	70.795056
-993.769578	630.342920	70.793929
-993.780758	630.275125	70.792760
-993.791513	630.207263	70.791551
-993.801843	630.139335	70.790299
-993.811748	630.071345	70.789006
-993.821227	630.003295	70.787672
-993.830281	629.935188	70.786297
-993.838908	629.867027	70.784880
-993.847108	629.798813	70.783422
-993.854881	629.730551	70.781923
-993.862228	629.662242	70.780382
-993.869146	629.593890	70.778801
-993.875637	629.525496	70.777179
-993.881699	629.457065	70.775516
-993.887333	629.388597	70.773812
-993.892539	629.320097	70.772067
-993.897315	629.251567	70.770282
-993.901663	629.183009	70.768455
-993.905582	629.114426	70.766589
-993.909071	629.045821	70.764682
-993.912131	628.977197	70.762734
-993.914761	628.908556	70.760746
-993.916961	628.839902	70.758718
-993.918732	628.771236	70.756650
-993.920073	628.702561	70.754541
-993.920984	628.633881	70.752393
-993.921466	628.565197	70.750205
-993.921517	628.496514	70.747976
-993.921138	628.427832	70.745709
-993.920329	628.359156	70.743401
-993.919091	628.290487	70.741054
-993.917423	628.221829	70.738667
-993.915324	628.153184	70.736241
-993.912797	628.084555	70.733776
-993.909839	628.015944	70.731271
-993.906452	627.947355	70.728728
-993.902636	627.878790	70.726145
-993.898391	627.810251	70.723524
-993.893716	627.741742	70.720863
-993.888613	627.673265	70.718164
-993.883081	627.604823	70.715427
-993.877121	627.536418	70.712651
-993.870732	627.468054	70.709836
-993.863915	627.399733	70.706984
-993.856671	627.331457	70.704093
-993.849000	627.263229	70.701164
-993.840901	627.195053	70.698198
-993.832376	627.126930	70.695193
-993.823424	627.058863	70.692151
-993.814046	626.990856	70.689072
-993.804243	626.922911	70.685954
-993.794014	626.855029	70.682800
-993.783360	626.787215	70.679609
-993.772282	626.719471	70.676380
-993.760779	626.651800	70.673114
-993.748854	626.584203	70.669812
-993.736505	626.516684	70.666473
-993.723733	626.449246	70.663097
-993.710539	626.381891	70.659686
-993.696924	626.314622	70.656237
-993.682887	626.247441	70.652753
-993.668430	626.180351	70.649233
-993.653553	626.113355	70.645676
-993.638257	626.046456	70.642085
-993.622542	625.979655	70.638457
-993.606409	625.912956	70.634794
-993.589858	625.846362	70.631096
-993.572891	625.779874	70.627363
-993.555507	625.713496	70.623594
-993.537708	625.647231	70.619791
-993.519494	625.581080	70.615953
-993.500866	625.515046	70.612081
-993.481824	625.449133	70.608174
-993.462370	625.383342	70.604233
-993.442505	625.317676	70.600258
-993.422228	625.252138	70.596249
-993.401541	625.186731	70.592207
-993.380444	625.121457	70.588130
-993.358939	625.056318	70.584020
-993.337026	624.991317	70.579877
-993.314707	624.926457	70.575701
-993.291981	624.861740	70.571492
-993.268851	624.797169	70.567250
-993.245316	624.732747	70.562975
-993.221378	624.668475	70.558668
-993.197037	624.604357	70.554329
-993.172295	624.540395	70.549958
-993.147153	624.476591	70.545555
-993.121612	624.412948	70.541119
-993.095672	624.349469	70.536653
-993.069335	624.286156	70.532155
-993.042601	624.223012	70.527625
-993.015473	624.160038	70.523065
-992.987950	624.097238	70.518474
-992.960034	624.034614	70.513852
-992.931726	623.972169	70.509200
-992.903027	623.909904	70.504517
-992.873939	623.847823	70.499804
-992.844461	623.785928	70.495061
-992.814597	623.724220	70.490288
-992.784346	623.662704	70.485486
-992.753710	623.601381	70.480655
-992.722691	623.540253	70.475794
-992.691288	623.479324	70.470904
-992.659505	623.418595	70.465986
-992.627341	623.358068	70.461038
-992.594798	623.297747	70.456063
-992.561878	623.237633	70.451059
-992.528582	623.177730	70.446027
-992.494910	623.118038	70.440967
-992.460865	623.058562	70.435880
-992.426448	622.999302	70.430765
-992.391660	622.940262	70.425623
-992.356502	622.881443	70.420454
-992.320976	622.822848	70.415258
-992.285084	622.764480	70.410036
-992.248826	622.706340	70.404787
-992.212204	622.648431	70.399512
-992.175220	622.590755	70.394211
-992.137874	622.533315	70.388884
-992.100169	622.476113	70.383531
-992.062106	622.419150	70.378153
-992.023687	622.362430	70.372750
-991.984913	622.305954	70.367323
-991.945785	622.249725	70.361870
-991.906305	622.193745	70.356393
-991.866475	622.138016	70.350891
-991.826295	622.082541	70.345366
-991.785769	622.027321	70.339816
-991.744897	621.972358	70.334243
-991.703681	621.917656	70.328647
-991.662123	621.863216	70.323027
-991.620224	621.809040	70.317385
-991.577986	621.755130	70.311719
-991.535410	621.701488	70.306032
-991.492499	621.648118	70.300321
-991.449254	621.595019	70.294589
-991.405676	621.542196	70.288835
-991.361768	621.489650	70.283059
-991.317531	621.437382	70.277262
-991.272966	621.385396	70.271444
-991.228077	621.333692	70.265605
-991.182863	621.282274	70.259745
-991.137328	621.231143	70.253864
-991.091473	621.180301	70.247964
-991.045300	621.129750	70.242043
-990.998810	621.079492	70.236102
-990.952005	621.029530	70.230142
-990.904888	620.979864	70.224163
-990.857461	620.930498	70.218165
-990.809724	620.881432	70.212147
-990.761680	620.832670	70.206112
-990.713331	620.784212	70.200057
-990.664678	620.736061	70.193985
-990.615725	620.688219	70.187895
-990.566471	620.640688	70.181787
-990.516921	620.593469	70.175662
-990.467074	620.546564	70.169520
-990.416935	620.499976	70.163360
-990.366503	620.453705	70.157184
-990.315782	620.407754	70.150992
-990.264774	620.362125	70.144783
-990.213480	620.316820	70.138559
-990.161902	620.271840	70.132319
-990.110043	620.227186	70.126063
-990.057904	620.182862	70.119792
-990.005488	620.138868	70.113506
-989.952796	620.095206	70.107206
-989.899832	620.051879	70.100891
-989.846596	620.008887	70.094562
-989.793091	619.966232	70.088218
-989.739319	619.923916	70.081862
-989.685282	619.881942	70.075491
-989.630983	619.840309	70.069108
-989.576423	619.799021	70.062711
-989.521605	619.758079	70.056302
-989.466530	619.717483	70.049881
-989.411201	619.677237	70.043447
-989.355621	619.637341	70.037001
-989.299791	619.597797	70.030544
-989.243713	619.558607	70.024075
-989.187390	619.519772	70.017595
-989.130824	619.481294	70.011104
-989.074017	619.443174	70.004602
-989.016972	619.405413	69.998090
-988.959690	619.368014	69.991568
-988.902174	619.330978	69.985036
-988.844426	619.294306	69.978495
-988.786449	619.257999	69.971944
-988.728245	619.222060	69.965383
-988.669816	619.186488	69.958814
-988.611164	619.151287	69.952237
-988.552292	619.116457	69.945651
-988.493202	619.082000	69.939057
-988.433896	619.047917	69.932455
-988.374377	619.014209	69.925846
-988.314647	618.980877	69.919229
-988.254709	618.947924	69.912605
-988.194564	618.915350	69.905975
-988.134215	618.883157	69.899338
-988.073665	618.851345	69.892695
-988.012916	618.819916	69.886045
-987.951970	618.788872	69.879390
-987.890830	618.758214	69.872730
-987.829498	618.727942	69.866064
-987.767977	618.698058	69.859394
-987.706268	618.668563	69.852718
-987.644375	618.639459	69.846039
-987.582300	618.610746	69.839355
-987.520045	618.582425	69.832667
-987.457613	618.554499	69.825976
-987.395006	618.526967	69.819281
-987.332227	618.499831	69.812584
-987.269279	618.473092	69.805883
-987.206162	618.446751	69.799180
-987.142881	618.420810	69.792475
-987.079438	618.395268	69.785767
-987.015835	618.370127	69.779058
-986.952074	618.345389	69.772347
-986.888159	618.321053	69.765635
-986.824092	618.297122	69.758923
-986.759874	618.273596	69.752209
-986.695510	618.250475	69.745495
-986.631001	618.227761	69.738781
-986.566349	618.205455	69.732067
-986.501558	618.183558	69.725353
-986.436631	618.162070	69.718640
-986.371568	618.140993	69.711927
-986.306374	618.120326	69.705216
-986.241050	618.100072	69.698507
-986.175600	618.080230	69.691798
-986.110026	618.060802	69.685092
-986.044330	618.041788	69.678389
-985.978515	618.023189	69.671687
-985.912584	618.005006	69.664988
-985.846539	617.987240	69.658293
-985.780382	617.969890	69.651600
-985.714118	617.952959	69.644912
-985.647747	617.936446	69.638226
-985.581273	617.920353	69.631545
-985.514699	617.904679	69.624869
-985.448026	617.889426	69.618197
-985.381258	617.874593	69.611529
-985.314397	617.860183	69.604867
-985.247446	617.846195	69.598211
-985.180407	617.832629	69.591559
-985.113284	617.819487	69.584914
-985.046078	617.806768	69.578275
-984.978793	617.794474	69.571643
-984.911431	617.782605	69.565017
-984.843995	617.771161	69.558398
-984.776487	617.760143	69.551786
-984.708910	617.749551	69.545182
-984.641267	617.739386	69.538585
-984.573561	617.729647	69.531996
-984.505793	617.720336	69.525416
-984.437967	617.711453	69.518844
-984.370086	617.702998	69.512281
-984.302152	617.694971	69.505727
-984.234168	617.687373	69.499182
-984.166136	617.680204	69.492647
-984.098059	617.673465	69.486122
-984.029941	617.667155	69.479607
-983.961783	617.661275	69.473102
-983.893588	617.655825	69.466607
-983.825359	617.650805	69.460124
-983.757098	617.646216	69.453651
-983.688809	617.642057	69.447190
-983.620494	617.638329	69.440740
-983.552156	617.635033	69.434303
-983.483797	617.632167	69.427877
-983.415421	617.629733	69.421464
-983.347029	617.627730	69.415063
-983.278624	617.626158	69.408676
-983.210210	617.625018	69.402301
-983.141789	617.624309	69.395940
-983.073364	617.624032	69.389592
-983.004936	617.624186	69.383259
-982.936510	617.624772	69.376939
-982.868088	617.625790	69.370634
-982.799672	617.627239	69.364343
-982.731265	617.629119	69.358067
-982.662870	617.631431	69.351807
-982.594489	617.634174	69.345562
-982.526126	617.637348	69.339332
-982.457782	617.640953	69.333118
-982.389462	617.644989	69.326921
-982.321166	617.649456	69.320739
-982.252899	617.654354	69.314575
-982.184662	617.659681	69.308427
-982.116459	617.665439	69.302296
-982.048292	617.671627	69.296182
-981.980163	617.678244	69.290086
-981.912076	617.685291	69.284008
-981.844034	617.692767	69.277948
-981.776038	617.700672	69.271906
-981.708092	617.709005	69.265883
-981.640198	617.717767	69.259879
-981.572358	617.726956	69.253893
-981.504577	617.736573	69.247927
-981.436855	617.746617	69.241980
-981.369197	617.757088	69.236053
-981.301604	617.767985	69.230146
-981.234080	617.779308	69.224259
-981.166626	617.791056	69.218392
-981.099246	617.803230	69.212546
-981.031942	617.815827	69.206721
-980.964718	617.828849	69.200917
-980.897574	617.842294	69.195134
-980.830515	617.856162	69.189373
-980.763543	617.870453	69.183634
-980.696661	617.885165	69.177916
-980.629870	617.900299	69.172221
-980.563174	617.915853	69.166549
-980.496576	617.931827	69.160899
-980.430078	617.948221	69.155272
-980.363683	617.965034	69.149668
-980.297392	617.982264	69.144087
-980.231210	617.999912	69.138530
-980.165138	618.017977	69.132997
-980.099180	618.036457	69.127488
-980.033337	618.055353	69.122002
-979.967612	618.074664	69.116542
-979.902009	618.094388	69.111106
-979.836529	618.114525	69.105695
-979.771175	618.135074	69.100309
-979.705949	618.156035	69.094948
-979.640855	618.177407	69.089613
-979.575895	618.199188	69.084304
-979.511071	618.221377	69.079020
-979.446387	618.243975	69.073763
-979.381843	618.266980	69.068532
-979.317444	618.290391	69.063327
-979.253191	618.314208	69.058149
-979.189088	618.338428	69.052999
-979.125136	618.363052	69.047875
-979.061339	618.388079	69.042779
-978.997698	618.413506	69.037710
-978.934216	618.439335	69.032669
-978.870896	618.465562	69.027656
-978.807740	618.492188	69.022671
-978.744751	618.519211	69.017715
-978.681932	618.546630	69.012787
-978.619284	618.574445	69.007888
-978.556810	618.602653	69.003018
-978.494512	618.631255	68.998177
-978.432394	618.660248	68.993365
-978.370458	618.689632	68.988583
-978.308705	618.719405	68.983830
-978.247139	618.749567	68.979108
-978.185761	618.780115	68.974415
-978.124575	618.811050	68.969753
-978.063583	618.842370	68.965121
-978.002787	618.874072	68.960520
-977.942189	618.906157	68.955949
-977.881792	618.938623	68.951410
-977.821598	618.971469	68.946902
-977.761611	619.004693	68.942425
-977.701831	619.038294	68.937980
-977.642261	619.072271	68.933566
-977.582904	619.106622	68.929184
-977.523763	619.141346	68.924835
-977.464838	619.176442	68.920517
-977.406134	619.211908	68.916232
-977.347651	619.247743	68.911980
-977.289393	619.283945	68.907760
-977.231362	619.320514	68.903573
-977.173559	619.357447	68.899419
-977.115988	619.394743	68.895298
-977.058650	619.432400	68.891211
-977.001548	619.470418	68.887158
-976.944685	619.508795	68.883138
-976.888061	619.547529	68.879152
-976.831680	619.586618	68.875200
-976.775543	619.626061	68.871282
-976.719654	619.665857	68.867398
-976.664014	619.706004	68.863549
-976.608625	619.746500	68.859735
-976.553489	619.787344	68.855955
-976.498610	619.828534	68.852210
-976.443988	619.870069	68.848501
-976.389626	619.911947	68.844827
-976.335527	619.954165	68.841188
-976.281692	619.996724	68.837584
-976.228123	620.039620	68.834016
-976.174823	620.082852	68.830484
-976.121793	620.126419	68.826988
-976.069036	620.170319	68.823529
-976.016554	620.214550	68.820105
-975.964349	620.259110	68.816718
-975.912423	620.303997	68.813367
-975.860778	620.349210	68.810052
-975.809417	620.394748	68.806775
-975.758340	620.440607	68.803534
-975.707550	620.486787	68.800331
-975.657049	620.533285	68.797164
-975.606840	620.580100	68.794035
-975.556924	620.627230	68.790943
-975.507302	620.674673	68.787889
-975.457978	620.722427	68.784872
-975.408953	620.770490	68.781894
-975.360228	620.818860	68.778953
-975.311807	620.867536	68.776049
-975.263690	620.916516	68.773185
-975.215880	620.965797	68.770358
-975.168378	621.015377	68.767569
-975.121187	621.065256	68.764819
-975.074308	621.115430	68.762108
-975.027743	621.165897	68.759435
-974.981494	621.216657	68.756801
-974.935563	621.267706	68.754206
-974.889951	621.319043	68.751650
-974.844661	621.370666	68.749132
-974.799694	621.422572	68.746654
-974.755052	621.474760	68.744216
-974.710736	621.527227	68.741816
-974.666750	621.579972	68.739456
-974.623093	621.632992	68.737136
-974.579768	621.686285	68.734855
-974.536777	621.739850	68.732614
-974.494121	621.793684	68.730413
-974.451803	621.847784	68.728251
-974.409823	621.902150	68.726130
-974.368183	621.956778	68.724049
-974.326885	622.011667	68.722008
-974.285931	622.066814	68.720007
-974.245322	622.122217	68.718046
-974.205061	622.177874	68.716126
-974.165147	622.233783	68.714246
-974.125583	622.289941	68.712407
-974.086371	622.346347	68.710608
-974.047513	622.402998	68.708850
-974.009008	622.459892	68.707133
-973.970860	622.517026	68.705457
-973.933070	622.574399	68.703821
-973.895639	622.632008	68.702227
-973.858568	622.689851	68.700673
-973.821860	622.747925	68.699161
-973.785515	622.806229	68.697689
-973.749535	622.864759	68.696259
-973.713922	622.923514	68.694870
-973.678676	622.982492	68.693523
-973.643800	623.041690	68.692216
-973.609294	623.101105	68.690952
-973.575160	623.160736	68.689728
-973.541400	623.220579	68.688546
-973.508014	623.280633	68.687406
-973.475004	623.340896	68.686307
-973.442371	623.401364	68.685250
-973.410117	623.462036	68.684235
-973.378242	623.522909	68.683261
-973.346749	623.583980	68.682329
-973.315638	623.645248	68.681439
-973.284911	623.706710	68.680591
-973.254568	623.768363	68.679784
-973.224611	623.830205	68.679020
-973.195042	623.892233	68.678297
-973.165861	623.954446	68.677617
-973.137069	624.016840	68.676978
-973.108668	624.079414	68.676381
-973.080658	624.142164	68.675827
-973.053041	624.205088	68.675314
-973.025819	624.268184	68.674844
-972.998991	624.331450	68.674415
-972.972559	624.394882	68.674029
-972.946524	624.458479	68.673685
-972.920888	624.522237	68.673383
-972.895651	624.586154	68.673123
-972.870813	624.650228	68.672905
-972.846377	624.714456	68.672730
-972.822343	624.778836	68.672596
-972.798712	624.843365	68.672505
-972.775485	624.908041	68.672456
-972.752663	624.972860	68.672449
-972.730246	625.037821	68.672484
-972.708236	625.102921	68.672562
-972.686634	625.168157	68.672682
-972.665440	625.233527	68.672844
-972.644655	625.299028	68.673048
-972.624281	625.364658	68.673294
-972.604317	625.430413	68.673582
-972.584765	625.496292	68.673913
-972.565625	625.562292	68.674286
-972.546898	625.628410	68.674700
-972.528586	625.694643	68.675157
-972.510687	625.760989	68.675656
-972.493205	625.827446	68.676197
-972.476138	625.894010	68.676780
-972.459488	625.960680	68.677405
-972.443255	626.027452	68.678072
-972.427440	626.094323	68.678781
-972.412044	626.161292	68.679532
-972.397067	626.228355	68.680325
-972.382510	626.295510	68.681160
-972.368373	626.362755	68.682036
-972.354657	626.430086	68.682955
-972.341363	626.497501	68.683915
-972.328491	626.564997	68.684917
-972.316041	626.632572	68.685960
-972.304014	626.700222	68.687046
-972.292411	626.767946	68.688173
-972.281232	626.835740	68.689341
-972.270477	626.903603	68.690551
-972.260146	626.971530	68.691802
-972.250241	627.039520	68.693095
-972.240762	627.107570	68.694429
-972.231709	627.175677	68.695805
-972.223082	627.243839	68.697222
-972.214881	627.312052	68.698680
-972.207108	627.380314	68.700179
-972.199762	627.448623	68.701719
-972.192843	627.516976	68.703300
-972.186353	627.585369	68.704923
-972.180290	627.653801	68.706586
-972.174656	627.722268	68.708290
-972.169451	627.790769	68.710034
-972.164674	627.859299	68.711820
-972.160326	627.927857	68.713646
-972.156408	627.996440	68.715513
-972.152918	628.065044	68.717420
-972.149859	628.133668	68.719367
-972.147228	628.202309	68.721355
-972.145028	628.270964	68.723383
-972.143257	628.339630	68.725452
-972.141916	628.408304	68.727560
-972.141005	628.476985	68.729709
-972.140524	628.545668	68.731897
-972.140473	628.614352	68.734125
-972.140851	628.683033	68.736393
-972.141660	628.751710	68.738701
-972.142898	628.820378	68.741048
-972.144567	628.889036	68.743434
-972.146665	628.957681	68.745860
-972.149193	629.026311	68.748326
-972.152150	629.094921	68.750830
-972.155537	629.163510	68.753374
-972.159353	629.232076	68.755956
-972.163599	629.300614	68.758578
-972.168273	629.369123	68.761238
-972.173376	629.437600	68.763937
-972.178908	629.506042	68.766675
-972.184869	629.574447	68.769451
-972.191257	629.642811	68.772265
-972.198074	629.711133	68.775118
-972.205318	629.779409	68.778008
-972.212990	629.847636	68.780937
-972.221088	629.915813	68.783904
-972.229614	629.983936	68.786908
-972.238565	630.052002	68.789950
-972.247943	630.120009	68.793030
-972.257747	630.187955	68.796147
-972.267976	630.255836	68.799301
-972.278629	630.323650	68.802493
-972.289708	630.391394	68.805722
-972.301210	630.459066	68.808987
-972.313136	630.526663	68.812289
-972.325485	630.594181	68.815628
-972.338256	630.661619	68.819004
-972.351450	630.728975	68.822416
-972.365066	630.796244	68.825864
-972.379102	630.863425	68.829349
-972.393559	630.930514	68.832869
-972.408436	630.997510	68.836425
-972.423732	631.064410	68.840017
-972.439447	631.131210	68.843644
-972.455581	631.197909	68.847307
-972.472131	631.264504	68.851005
-972.489099	631.330991	68.854739
-972.506482	631.397369	68.858507
-972.524282	631.463635	68.862310
-972.542496	631.529786	68.866148
-972.561124	631.595819	68.870020
-972.580165	631.661733	68.873927
-972.599619	631.727524	68.877868
-972.619485	631.793189	68.881843
-972.639762	631.858727	68.885852
-972.660449	631.924135	68.889895
-972.681545	631.989409	68.893971
-972.703050	632.054548	68.898081
-972.724963	632.119549	68.902224
-972.747282	632.184409	68.906400
-972.770008	632.249125	68.910610
-972.793139	632.313696	68.914851
-972.816674	632.378119	68.919126
-972.840612	632.442390	68.923433
-972.864952	632.506509	68.927772
-972.889694	632.570471	68.932144
-972.914836	632.634274	68.936547
-972.940377	632.697917	68.940982
-972.966317	632.761396	68.945449
-972.992654	632.824709	68.949947
-973.019388	632.887854	68.954476
-973.046517	632.950827	68.959036
-973.074039	633.013627	68.963628
-973.101955	633.076251	68.968250
-973.130263	633.138697	68.972902
-973.158962	633.200961	68.977585
-973.188051	633.263043	68.982298
-973.217528	633.324938	68.987040
-973.247392	633.386645	68.991813
-973.277643	633.448161	68.996615
-973.308279	633.509484	69.001447
-973.339299	633.570612	69.006308
-973.370701	633.631542	69.011197
-973.402485	633.692271	69.016116
-973.434648	633.752797	69.021063
-973.467191	633.813118	69.026039
-973.500111	633.873232	69.031043
-973.533407	633.933136	69.036075
-973.567079	633.992827	69.041134
-973.601124	634.052304	69.046222
-973.635541	634.111564	69.051336
-973.670329	634.170604	69.056478
-973.705487	634.229423	69.061648
-973.741013	634.288017	69.066843
-973.776906	634.346386	69.072066
-973.813164	634.404526	69.077315
-973.849785	634.462434	69.082590
-973.886770	634.520110	69.087891
-973.924115	634.577550	69.093218
-973.961820	634.634753	69.098570
-973.999883	634.691715	69.103948
-974.038302	634.748435	69.109351
-974.077077	634.804911	69.114779
-974.116205	634.861140	69.120232
-974.155685	634.917120	69.125709
-974.195515	634.972849	69.131210
-974.235694	635.028325	69.136736
-974.276220	635.083545	69.142285
-974.317092	635.138507	69.147858
-974.358308	635.193209	69.153454
-974.399866	635.247650	69.159074
-974.441765	635.301826	69.164717
-974.484003	635.355736	69.170382
-974.526579	635.409377	69.176070
-974.569490	635.462748	69.181780
-974.612736	635.515846	69.187512
-974.656313	635.568669	69.193266
-974.700222	635.621216	69.199042
-974.744459	635.673483	69.204839
-974.789023	635.725470	69.210658
-974.833913	635.777173	69.216497
-974.879126	635.828592	69.222357
-974.924661	635.879723	69.228237
-974.970516	635.930565	69.234138
-975.016690	635.981116	69.240059
-975.063180	636.031373	69.245999
-975.109984	636.081336	69.251959
-975.157101	636.131001	69.257938
-975.204529	636.180368	69.263937
-975.252266	636.229433	69.269954
-975.300309	636.278196	69.275990
-975.348659	636.326653	69.282044
-975.397311	636.374804	69.288116
-975.446265	636.422646	69.294206
-975.495518	636.470178	69.300314
-975.545069	636.517397	69.306440
-975.594915	636.564301	69.312582
-975.645055	636.610890	69.318741
-975.695486	636.657160	69.324917
-975.746207	636.703111	69.331110
-975.797216	636.748740	69.337318
-975.848510	636.794046	69.343543
-975.900087	636.839026	69.349783
-975.951947	636.883679	69.356039
-976.004085	636.928004	69.362309
-976.056501	636.971998	69.368595
-976.109193	637.015659	69.374896
-976.162158	637.058987	69.381211
-976.215393	637.101979	69.387540
-976.268898	637.144634	69.393883
-976.322670	637.186949	69.400240
-976.376707	637.228924	69.406610
-976.431006	637.270556	69.412994
-976.485566	637.311844	69.419390
-976.540385	637.352787	69.425799
-976.595459	637.393382	69.432221
-976.650788	637.433629	69.438655
-976.706369	637.473524	69.445100
-976.762199	637.513068	69.451558
-976.818276	637.552258	69.458027
-976.874599	637.591093	69.464507
-976.931165	637.629572	69.470997
-976.987972	637.667692	69.477499
-977.045018	637.705452	69.484011
-977.102299	637.742851	69.490533
-977.159815	637.779888	69.497065
-977.217563	637.816560	69.503607
-977.275540	637.852866	69.510158
-977.333744	637.888806	69.516718
-977.392173	637.924377	69.523287
-977.450825	637.959578	69.529865
-977.509697	637.994408	69.536451
-977.568787	638.028866	69.543045
-977.628093	638.062949	69.549646
-977.687612	638.096657	69.556256
-977.747342	638.129988	69.562873
-977.807281	638.162941	69.569496
-977.867425	638.195516	69.576127
-977.927774	638.227709	69.582764
-977.988324	638.259521	69.589407
-978.049073	638.290949	69.596056
-978.110019	638.321993	69.602711
-978.171159	638.352652	69.609372
-978.232491	638.382924	69.616037
-978.294013	638.412808	69.622708
-978.355721	638.442302	69.629383
-978.417614	638.471407	69.636063
-978.479689	638.500120	69.642746
-978.541944	638.528440	69.649434
-978.604376	638.556367	69.656125
-978.666983	638.583898	69.662820
-978.729762	638.611034	69.669518
-978.792711	638.637773	69.676218
-978.855827	638.664114	69.682921
-978.919108	638.690056	69.689627
-978.982551	638.715598	69.696334
-979.046154	638.740738	69.703043
-979.109915	638.765477	69.709754
-979.173830	638.789812	69.716466
-979.237898	638.813743	69.723179
-979.302115	638.837270	69.729893
-979.366480	638.860390	69.736607
-979.430989	638.883104	69.743321
-979.495640	638.905410	69.750035
-979.560431	638.927307	69.756749
-979.625359	638.948795	69.763462
-979.690421	638.969873	69.770174
-979.755615	638.990539	69.776885
-979.820939	639.010794	69.783595
-979.886389	639.030636	69.790303
-979.951964	639.050064	69.797009
-980.017659	639.069078	69.803713
-980.083474	639.087676	69.810414
-980.149406	639.105859	69.817113
-980.215451	639.123626	69.823809
-980.281607	639.140975	69.830501
-980.347872	639.157907	69.837190
-980.414242	639.174419	69.843875
-980.480716	639.190513	69.850556
-980.547291	639.206187	69.857233
-980.613963	639.221440	69.863905
-980.680732	639.236272	69.870572
-980.747592	639.250683	69.877234
-980.814543	639.264671	69.883891
-980.881582	639.278237	69.890542
-980.948705	639.291379	69.897187
-981.015911	639.304097	69.903826
-981.083196	639.316391	69.910459
-981.150558	639.328260	69.917085
-981.217994	639.339704	69.923704
-981.285502	639.350722	69.930316
-981.353079	639.361314	69.936920
-981.420722	639.371480	69.943517
-981.488429	639.381218	69.950105
-981.556196	639.390529	69.956685
-981.624022	639.399412	69.963257
-981.691903	639.407868	69.969820
-981.759837	639.415894	69.976374
-981.827822	639.423492	69.982919
-981.895853	639.430661	69.989454
-981.963930	639.437401	69.995980
-982.032049	639.443711	70.002495
-982.100207	639.449591	70.009000
-982.168402	639.455041	70.015494
-982.236631	639.460061	70.021978
-982.304891	639.464650	70.028450
-982.373180	639.468808	70.034911
-982.441495	639.472536	70.041361
-982.509833	639.475833	70.047799
-982.578192	639.478699	70.054224
-982.646569	639.481133	70.060637
-982.714961	639.483136	70.067038
-982.783365	639.484708	70.073426
-982.851779	639.485848	70.079800
-982.920200	639.486556	70.086162
-982.988626	639.486834	70.092509
-983.057053	639.486679	70.098843
-983.125479	639.486093	70.105162
-983.193902	639.485076	70.111468
-983.262318	639.483627	70.117758
-983.330725	639.481746	70.124034
-983.399120	639.479435	70.130295
-983.467500	639.476692	70.136540
-983.535864	639.473517	70.142770
-983.604207	639.469912	70.148983
-983.672528	639.465876	70.155181
-983.740823	639.461409	70.161362
-983.809090	639.456512	70.167527
-983.877327	639.451184	70.173675
-983.945530	639.445426	70.179806
-984.013698	639.439239	70.185919
-984.081826	639.432621	70.192015
-984.149913	639.425574	70.198093
-984.217956	639.418098	70.204153
-984.285951	639.410193	70.210195
-984.353898	639.401860	70.216218
-984.421792	639.393099	70.222223
-984.489631	639.383909	70.228208
-984.557413	639.374292	70.234175
-984.625134	639.364248	70.240121
-984.692792	639.353777	70.246049
-984.760385	639.342880	70.251956
-984.827910	639.331558	70.257843
-984.895363	639.319809	70.263709
-984.962743	639.307636	70.269555
-985.030047	639.295038	70.275380
-985.097272	639.282016	70.281184
-985.164415	639.268571	70.286967
-985.231474	639.254703	70.292728
-985.298446	639.240413	70.298468
-985.365329	639.225700	70.304185
-985.432119	639.210567	70.309880
-985.498815	639.195012	70.315553
-985.565413	639.179038	70.321203
-985.631911	639.162644	70.326830
-985.698307	639.145832	70.332434
-985.764597	639.128601	70.338014
-985.830779	639.110953	70.343571
-985.896851	639.092889	70.349105
-985.962810	639.074408	70.354614
-986.028653	639.055512	70.360099
-986.094377	639.036202	70.365560
-986.159981	639.016478	70.370996
-986.225461	638.996340	70.376407
-986.290815	638.975791	70.381793
-986.356040	638.954830	70.387153
-986.421134	638.933459	70.392488
-986.486094	638.911678	70.397798
-986.550918	638.889488	70.403081
-986.615603	638.866890	70.408339
-986.680146	638.843885	70.413570
-986.744545	638.820474	70.418774
-986.808798	638.796658	70.423952
-986.872901	638.772437	70.429103
-986.936853	638.747813	70.434227
-987.000651	638.722787	70.439323
-987.064292	638.697359	70.444392
-987.127773	638.671531	70.449432
-987.191093	638.645303	70.454445
-987.254249	638.618678	70.459430
-987.317238	638.591654	70.464387
-987.380058	638.564235	70.469315
-987.442706	638.536421	70.474214
-987.505180	638.508212	70.479084
-987.567477	638.479611	70.483925
-987.629595	638.450618	70.488737
-987.691532	638.421234	70.493519
-987.753284	638.391460	70.498271
-987.814851	638.361299	70.502994
-987.876228	638.330750	70.507687
-987.937414	638.299815	70.512349
-987.998406	638.268496	70.516981
-988.059203	638.236793	70.521582
-988.119800	638.204708	70.526152
-988.180197	638.172242	70.530692
-988.240391	638.139397	70.535200
-988.300379	638.106173	70.539677
-988.360159	638.072572	70.544122
-988.419728	638.038595	70.548535
-988.479085	638.004244	70.552917
-988.538227	637.969520	70.557267
-988.597151	637.934424	70.561584
-988.655855	637.898958	70.565869
-988.714338	637.863123	70.570122
-988.772596	637.826920	70.574342
-988.830627	637.790352	70.578529
-988.888430	637.753419	70.582682
-988.946001	637.716123	70.586803
-989.003339	637.678465	70.590890
-989.060441	637.640447	70.594944
-989.117305	637.602071	70.598964
-989.173928	637.563337	70.602950
-989.230310	637.524248	70.606902
-989.286446	637.484804	70.610820
-989.342335	637.445008	70.614703
-989.397976	637.404861	70.618552
-989.453365	637.364365	70.622367
-989.508500	637.323521	70.626146
-989.563380	637.282331	70.629891
-989.618001	637.240796	70.633601
-989.672363	637.198919	70.637275
-989.726463	637.156700	70.640914
-989.780298	637.114142	70.644517
-989.833867	637.071245	70.648085
-989.887167	637.028013	70.651617
-989.940196	636.984446	70.655113
-989.992953	636.940546	70.658573
-990.045435	636.896316	70.661997
-990.097640	636.851756	70.665384
-990.149566	636.806868	70.668735
-990.201211	636.761655	70.672049
-990.252573	636.716118	70.675327
-990.303650	636.670258	70.678567
-990.354439	636.624079	70.681771
-990.404940	636.577580	70.684937
-990.455149	636.530765	70.688066
-990.505066	636.483636	70.691158
-990.554687	636.436193	70.694212
-990.604011	636.388439	70.697229
-990.653037	636.340376	70.700208
-990.701761	636.292005	70.703149
-990.750183	636.243329	70.706052
-990.798300	636.194350	70.708917
-990.846110	636.145069	70.711744
-990.893611	636.095488	70.714532
-990.940803	636.045610	70.717282
-990.987682	635.995436	70.719994
-991.034247	635.944968	70.722666
-991.080496	635.894209	70.725300
-991.126427	635.843159	70.727896
-991.172038	635.791822	70.730452
-991.217329	635.740200	70.732969
-991.262295	635.688294	70.735447
-991.306938	635.636106	70.737886
-991.351253	635.583639	70.740285
-991.395240	635.530894	70.742645
-991.438896	635.477874	70.744966
-991.482221	635.424580	70.747246
-991.525212	635.371015	70.749487
-991.567868	635.317182	70.751689
-991.610187	635.263081	70.753850
-991.652167	635.208716	70.755971
-986.000000	629.597410	37.690398
-1000.415102	634.656411	-117.921791
